# DESCRIPTION: Verilator output: Timestamp data for --skip-identical.  Delete at will.
C "--binary -j 0 --timing --trace -Wall -Wno-fatal +incdir+rtl --top-module tf_rom_addr_gen_tb -f rtl.f tb/tf_rom_addr_gen_tb.sv"
S  10993608     8759  1773683678   282889644  1705136080           0 "/usr/bin/verilator_bin"
S      4942  8153744  1773683678   285889642  1705136080           0 "/usr/share/verilator/include/verilated_std.sv"
T      5442  8153792  1773684343   905874000  1773684343   905874000 "obj_dir/Vtf_rom_addr_gen_tb.cpp"
T      3368  8153791  1773684343   905782189  1773684343   905782189 "obj_dir/Vtf_rom_addr_gen_tb.h"
T      1818  8153808  1773684343   908971493  1773684343   908971493 "obj_dir/Vtf_rom_addr_gen_tb.mk"
T     16746  8153790  1773684343   905706718  1773684343   905706718 "obj_dir/Vtf_rom_addr_gen_tb__ConstPool_0.cpp"
T      3326  8153202  1773684343   905260215  1773684343   905260215 "obj_dir/Vtf_rom_addr_gen_tb__Syms.cpp"
T      2294  8153789  1773684343   905324515  1773684343   905324515 "obj_dir/Vtf_rom_addr_gen_tb__Syms.h"
T       335  8153802  1773684343   906740320  1773684343   906740320 "obj_dir/Vtf_rom_addr_gen_tb__TraceDecls__0__Slow.cpp"
T      6299  8153804  1773684343   907260867  1773684343   907260867 "obj_dir/Vtf_rom_addr_gen_tb__Trace__0.cpp"
T     25555  8153799  1773684343   906740320  1773684343   906740320 "obj_dir/Vtf_rom_addr_gen_tb__Trace__0__Slow.cpp"
T      6446  8153794  1773684343   906077851  1773684343   906077851 "obj_dir/Vtf_rom_addr_gen_tb___024root.h"
T     33090  8153805  1773684343   908707224  1773684343   908707224 "obj_dir/Vtf_rom_addr_gen_tb___024root__DepSet_h6c173228__0.cpp"
T     16987  8153803  1773684343   907260867  1773684343   907260867 "obj_dir/Vtf_rom_addr_gen_tb___024root__DepSet_h6c173228__0__Slow.cpp"
T     95932  8153801  1773684343   907260867  1773684343   907260867 "obj_dir/Vtf_rom_addr_gen_tb___024root__DepSet_hd3eb1462__0.cpp"
T      1003  8153800  1773684343   906740320  1773684343   906740320 "obj_dir/Vtf_rom_addr_gen_tb___024root__DepSet_hd3eb1462__0__Slow.cpp"
T      1404  8153797  1773684343   906361138  1773684343   906361138 "obj_dir/Vtf_rom_addr_gen_tb___024root__Slow.cpp"
T       807  8153795  1773684343   906121653  1773684343   906121653 "obj_dir/Vtf_rom_addr_gen_tb___024unit.h"
T       572  8153798  1773684343   906510356  1773684343   906510356 "obj_dir/Vtf_rom_addr_gen_tb___024unit__DepSet_h6d782944__0__Slow.cpp"
T       808  8153796  1773684343   906361138  1773684343   906361138 "obj_dir/Vtf_rom_addr_gen_tb___024unit__Slow.cpp"
T      1036  8153806  1773684343   908834607  1773684343   908834607 "obj_dir/Vtf_rom_addr_gen_tb__main.cpp"
T       759  8153793  1773684343   905936407  1773684343   905936407 "obj_dir/Vtf_rom_addr_gen_tb__pch.h"
T      1372  8153809  1773684343   908971493  1773684343   908971493 "obj_dir/Vtf_rom_addr_gen_tb__ver.d"
T         0        0  1773684343   908971493  1773684343   908971493 "obj_dir/Vtf_rom_addr_gen_tb__verFiles.dat"
T      2060  8153807  1773684343   908908705  1773684343   908908705 "obj_dir/Vtf_rom_addr_gen_tb_classes.mk"
S       433  8153149  1773681888   311586377  1773681888   311586377 "rtl.f"
S       977  8153151  1773681888   311586377  1773681888   311586377 "rtl/delay_n.sv"
S      7136  8153152  1773681888   312441223  1773681888   312441223 "rtl/mac_adder.sv"
S      1096  8153153  1773681888   312441223  1773681888   312441223 "rtl/mod_add.sv"
S      1593  8153154  1773681888   312441223  1773681888   312441223 "rtl/mod_div_by_2.sv"
S      7449  8153155  1773681888   312441223  1773681888   312441223 "rtl/mod_mul.sv"
S      1460  8153156  1773681888   312441223  1773681888   312441223 "rtl/mod_sub.sv"
S      2081  8153157  1773681888   312441223  1773681888   312441223 "rtl/mod_uni_add_sub.sv"
S     10104  8153158  1773681888   312441223  1773681888   312441223 "rtl/pe0.sv"
S      7619  8153159  1773681888   312441223  1773681888   312441223 "rtl/pe1.sv"
S     11087  8153160  1773681888   312441223  1773681888   312441223 "rtl/pe2.sv"
S     10861  8153161  1773681888   312441223  1773681888   312441223 "rtl/pe3.sv"
S     23832  8153162  1773681888   312441223  1773681888   312441223 "rtl/pe_unit.sv"
S      6493  8153163  1773681888   312441223  1773681888   312441223 "rtl/poly_arith_pkg.sv"
S     16418  8153164  1773684337   507248811  1773684337   507248811 "rtl/tf_addr_gen.sv"
S     11975  8153165  1773681888   312441223  1773681888   312441223 "rtl/tf_rom.sv"
S     22218  8153187  1773681888   313947296  1773681888   313947296 "tb/tf_rom_addr_gen_tb.sv"
